r1 = 2;m1=3;m2=4;m3=3;l2 = 4;b3 =3;h3 = 2;
I3 = (1/12)*m3*((b3^2)+(h3^2)) + (3*((b3/2)^2 +(h3/2)^2));
I1 = (1/2)*m1*r1^2 + (m1 * (l2/2 +r1)^2);
I2 = ((1/12)*m2 *l2^2) + (m2*((l2/2)^2 + h3^2));
I = I1 + I2 + I3
