l1=6; l2 =7; l3=4;
p1=5; p2=4; p3=1;
x = (p1*l1*(l1/2) + p2*l2*(l1 +l2/2) + p3*l3*(l1+l2+l3/2))/(p1*l1 + p2*l2 + p3*l3)